rot:
  max: 0.7713284423358945
  mean: 0.40599067942094885
  median: 0.413321178714394
  min: 0.03912493606792458
  num_samples: 306
  rmse: 0.42728007675392093
  std: 0.13319096145817436
scale:
  max: 8.012228811369958e+17
  mean: 2618375428552277.5
  median: 0.38669222638360035
  min: 0.0021703219305724275
  num_samples: 306
  rmse: 4.580286349959977e+16
  std: 4.572796097442047e+16
trans:
  max: 3.2379625390364217
  mean: 1.1322963130286572
  median: 1.07639038409296
  min: 0.4509700531853655
  num_samples: 306
  rmse: 1.227245310353383
  std: 0.47332453061940566
