rot:
  max: 1.3928626723937074
  mean: 0.9554325486667186
  median: 1.0105761036686096
  min: 0.366493912342471
  num_samples: 412
  rmse: 0.982451714304075
  std: 0.22882311047451903
scale:
  max: 1.1437261008698536e+18
  mean: 2776034225412273.0
  median: 1.318718591089163
  min: 0.006605181596786025
  num_samples: 412
  rmse: 5.634734066938772e+16
  std: 5.62789164296131e+16
trans:
  max: 3.663496857998594
  mean: 1.9667966163952335
  median: 1.869021362620452
  min: 0.21266836266822955
  num_samples: 412
  rmse: 2.2174464630281565
  std: 1.024099548936693
