rot:
  max: 5.578037687001552
  mean: 1.7787072931060144
  median: 1.1877609365253319
  min: 0.1127219530086167
  num_samples: 2696
  rmse: 2.181820843268145
  std: 1.263543650837118
scale:
  max: 1262.2527025423688
  mean: 7.269988922436592
  median: 1.2888249851309597
  min: 0.0026010503567208687
  num_samples: 2696
  rmse: 45.98651946443022
  std: 45.40822869833248
trans:
  max: 82.18126394270969
  mean: 21.36209674262418
  median: 16.125184840128206
  min: 2.048482310247075
  num_samples: 2696
  rmse: 26.13029790285501
  std: 15.048365069027055
