rot:
  max: 2.3696644118980656
  mean: 1.3839283741390624
  median: 1.2989992289168313
  min: 0.7757506039045236
  num_samples: 535
  rmse: 1.4383361650450237
  std: 0.39185862109852543
scale:
  max: 45.97070452963884
  mean: 2.3055436124177326
  median: 1.0963983044087078
  min: 0.0005428349298064461
  num_samples: 535
  rmse: 6.069147394100553
  std: 5.614180148744555
trans:
  max: 22.82279125296187
  mean: 5.942300327151677
  median: 4.675380864815634
  min: 0.40146281560290115
  num_samples: 535
  rmse: 7.460954750842781
  std: 4.511641898029646
