rot:
  max: 1.4680571999396232
  mean: 0.8706755082645222
  median: 0.8947580836287371
  min: 0.33643463521428774
  num_samples: 389
  rmse: 0.8804755666945279
  std: 0.1310014612680572
scale:
  max: 8.330088755421176e+18
  mean: 2.141410991110849e+16
  median: 10.803893248279772
  min: 0.013436952648659961
  num_samples: 389
  rmse: 4.223522655057948e+17
  std: 4.21809046933079e+17
trans:
  max: 24.312717689021124
  mean: 13.527634308967622
  median: 15.034084449436651
  min: 0.27861298690699376
  num_samples: 389
  rmse: 15.398860868804404
  std: 7.3571751412915
