rot:
  max: 0.9497678696630815
  mean: 0.5783990808476762
  median: 0.5851663742758231
  min: 0.02648957112838067
  num_samples: 413
  rmse: 0.6029263022240212
  std: 0.1702193560911768
scale:
  max: 5.589110340770544e+18
  mean: 1.3532954820267708e+16
  median: 8.654119674930637
  min: 0.01590029904381396
  num_samples: 413
  rmse: 2.7502214043079978e+17
  std: 2.7468898205237706e+17
trans:
  max: 17.36596023096771
  mean: 10.320305856163728
  median: 11.461221840703121
  min: 0.22468777865729
  num_samples: 413
  rmse: 11.735858572327786
  std: 5.58763487218987
