rot:
  max: 2.6242543553277766
  mean: 1.1778439056184318
  median: 1.05662250232783
  min: 0.3549114995597206
  num_samples: 527
  rmse: 1.2699531944862754
  std: 0.47483139132055563
scale:
  max: 1.4049316022032696e+18
  mean: 2665904368507157.5
  median: 1.2194181970429985
  min: 0.0010245810123543642
  num_samples: 527
  rmse: 6.119978182777656e+16
  std: 6.114168994773879e+16
trans:
  max: 20.016418798524317
  mean: 5.211374681057947
  median: 4.123714229894215
  min: 0.5506020395295583
  num_samples: 527
  rmse: 6.568329648859072
  std: 3.9980655709616997
