rot:
  max: 179.90236015332638
  mean: 133.64397863158547
  median: 136.4820940132612
  min: 83.87091312251734
  num_samples: 2044
  rmse: 136.58570285077278
  std: 28.19470160792558
scale:
  max: 96.27595402055621
  mean: 64.65402805568405
  median: 64.16186729370804
  min: 35.94666319363444
  num_samples: 2044
  rmse: 66.53369090920717
  std: 15.703142429996022
trans:
  max: 1.471296910138052
  mean: 0.8853047184169117
  median: 0.9228417723171632
  min: 0.38346754681166006
  num_samples: 2044
  rmse: 0.9220233281434715
  std: 0.2576093422015505
