rot:
  max: 16.015069264350256
  mean: 15.66417623875545
  median: 15.630514996038624
  min: 15.299889940620943
  num_samples: 133
  rmse: 15.665316030443059
  std: 0.1889685023104309
scale:
  max: 4.931144819507056e+17
  mean: 3707627683839893.0
  median: 0.23501059814340364
  min: 0.007955413721960625
  num_samples: 133
  rmse: 4.275844834161786e+16
  std: 4.259739899971391e+16
trans:
  max: 1.128634068957121
  mean: 0.515565766307412
  median: 0.49790962317720944
  min: 0.09204948316765112
  num_samples: 133
  rmse: 0.5643196010032993
  std: 0.22945272429930721
