rot:
  max: 4.668497983514047
  mean: 2.3792915521322935
  median: 2.1333367071967837
  min: 0.509066827567193
  num_samples: 1843
  rmse: 2.5773544805458517
  std: 0.9908217944422097
scale:
  max: 2.8627655136271024e+17
  mean: 155331823853933.2
  median: 8.74778731886533
  min: 0.000991627367896708
  num_samples: 1843
  rmse: 6668422515840624.0
  std: 6666613148688653.0
trans:
  max: 147.9297981834886
  mean: 41.15493357828557
  median: 29.21427775400859
  min: 2.8188978501192588
  num_samples: 1843
  rmse: 51.46803691231153
  std: 30.906799668907336
