rot:
  max: 3.995976571184676
  mean: 1.4132783789687984
  median: 1.0895341033819494
  min: 0.3702602363025842
  num_samples: 2327
  rmse: 1.6296159943943123
  std: 0.8113522741233227
scale:
  max: 36.34020732075327
  mean: 4.265324575877337
  median: 1.5968040427128294
  min: 0.00012461136910113524
  num_samples: 2327
  rmse: 8.14031367537262
  std: 6.933376738348727
trans:
  max: 88.779885850527
  mean: 21.582688460289624
  median: 15.206475859664362
  min: 4.201322651797197
  num_samples: 2327
  rmse: 28.041898766354286
  std: 17.903509299814502
