rot:
  max: 2.416914125590106
  mean: 1.9108533680444104
  median: 1.9047916314047197
  min: 1.5160033706500307
  num_samples: 109
  rmse: 1.9381784520985545
  std: 0.32430713530922967
scale:
  max: 8.232680160336161e+17
  mean: 7552917578290060.0
  median: 0.8112948234430872
  min: 0.0062539216201473735
  num_samples: 109
  rmse: 7.885477455388658e+16
  std: 7.84922219458708e+16
trans:
  max: 4.420162373687434
  mean: 1.5080926032253432
  median: 1.4454769930946407
  min: 0.09270287377598223
  num_samples: 109
  rmse: 1.7716848391097981
  std: 0.9297977571647066
