rot:
  max: 2.1527670143096236
  mean: 1.1898768232005896
  median: 1.355913836909811
  min: 0.161428274264932
  num_samples: 379
  rmse: 1.3407498918222172
  std: 0.6179024340713983
scale:
  max: 9.633613019485764e+17
  mean: 2541850400919733.0
  median: 1.3452274966058164
  min: 0.002654100675680837
  num_samples: 379
  rmse: 4.948454618957861e+16
  std: 4.941922002751443e+16
trans:
  max: 4.586879720755643
  mean: 2.0046132419481704
  median: 1.9597851414220013
  min: 0.13341141802321752
  num_samples: 379
  rmse: 2.275873452986071
  std: 1.0775554390437605
