rot:
  max: 3.676239229857746
  mean: 1.4207519716715875
  median: 1.058594238309881
  min: 0.1270677493730655
  num_samples: 1874
  rmse: 1.6998001022958278
  std: 0.933158198140167
scale:
  max: 3.172416840477905e+17
  mean: 169285850612527.94
  median: 7.54380011468172
  min: 0.003597853579573318
  num_samples: 1874
  rmse: 7328337351252763.0
  std: 7326381824239628.0
trans:
  max: 163.93064005134107
  mean: 42.2697993546359
  median: 30.42579059812477
  min: 3.1252748553105874
  num_samples: 1874
  rmse: 54.60695575113317
  std: 34.57142865033256
