rot:
  max: 21.60446358365316
  mean: 12.00114765906203
  median: 11.41637081215808
  min: 6.294389997643846
  num_samples: 389
  rmse: 12.896091399833228
  std: 4.720341964121095
scale:
  max: 1189.7064142184681
  mean: 103.61338306974805
  median: 29.356477817516602
  min: 0.21478743801524036
  num_samples: 389
  rmse: 205.6480552064593
  std: 177.6383670805399
trans:
  max: 1023.6049568053685
  mean: 456.41605351713457
  median: 497.9638653100138
  min: 4.206166265520808
  num_samples: 389
  rmse: 532.6372604492269
  std: 274.56663546523987
