rot:
  max: 6.037731196816672
  mean: 4.992674631056308
  median: 5.028836849555457
  min: 3.9301053091988014
  num_samples: 792
  rmse: 5.019141378439319
  std: 0.5147622802502876
scale:
  max: 4.126715955580663e+19
  mean: 5.210499943914988e+16
  median: 5.613233181769688
  min: 0.01054814191810971
  num_samples: 792
  rmse: 1.466364663209875e+18
  std: 1.4654386355436577e+18
trans:
  max: 94.45174276676121
  mean: 41.32017280348986
  median: 32.186081682622856
  min: 1.7783611885573163
  num_samples: 792
  rmse: 48.666080041457384
  std: 25.710516643803032
