rot:
  max: 179.98200672125756
  mean: 133.15270576509104
  median: 135.59634225648628
  min: 84.29584081407184
  num_samples: 1777
  rmse: 136.15444124378544
  std: 28.432179266501787
scale:
  max: 94.65079357821992
  mean: 65.0868352812191
  median: 64.62162968847649
  min: 37.01241903185852
  num_samples: 1777
  rmse: 66.8724002706506
  std: 15.349976906613515
trans:
  max: 1.439802185796696
  mean: 0.8888715878056697
  median: 0.9326187293246909
  min: 0.3945579569844485
  num_samples: 1777
  rmse: 0.9243821524585797
  std: 0.25375118556527865
