rot:
  max: 4.153987116343553
  mean: 1.2958490475825037
  median: 0.8882548166352383
  min: 0.11753658816804366
  num_samples: 985
  rmse: 1.6804840283547784
  std: 1.0699541183784562
scale:
  max: 1.9296440044503616e+18
  mean: 1959029446142501.8
  median: 1.2245378626927428
  min: 0.001129015306733372
  num_samples: 985
  rmse: 6.148357036876263e+16
  std: 6.145235250923868e+16
trans:
  max: 12.840002237964601
  mean: 5.329111568678941
  median: 5.212353191558409
  min: 0.36462703734426294
  num_samples: 985
  rmse: 5.83803462954817
  std: 2.3839501304297235
