rot:
  max: 6.909279860133434
  mean: 5.419667671041664
  median: 5.530134299192216
  min: 4.1349459464923735
  num_samples: 760
  rmse: 5.467997298091949
  std: 0.7253942289587682
scale:
  max: 4.292833079927942e+19
  mean: 5.648464578852566e+16
  median: 6.00033699119863
  min: 0.040522248271679384
  num_samples: 760
  rmse: 1.5571742225871677e+18
  std: 1.5561494286475502e+18
trans:
  max: 98.25381009266604
  mean: 44.149427183936105
  median: 37.1060851277629
  min: 4.099640108375295
  num_samples: 760
  rmse: 51.09991327034597
  std: 25.729928401905926
