rot:
  max: 1.887937517356661
  mean: 0.4977197303428675
  median: 0.4914600314262725
  min: 0.08194254728395976
  num_samples: 922
  rmse: 0.5361227506006808
  std: 0.19925529789459293
scale:
  max: 2.0455803552904689e+18
  mean: 2218633790987495.8
  median: 1.3432274483436257
  min: 0.002104719943973876
  num_samples: 922
  rmse: 6.736760125184536e+16
  std: 6.733105793412966e+16
trans:
  max: 7.826231189008714
  mean: 5.125883718311737
  median: 5.591480131206151
  min: 0.7786151761760338
  num_samples: 922
  rmse: 5.4040556974314375
  std: 1.7114713223679232
