rot:
  max: 0.7602402252573309
  mean: 0.41395109014669784
  median: 0.4072780129428349
  min: 0.11024333815505484
  num_samples: 293
  rmse: 0.4392525665625054
  std: 0.14692621344780066
scale:
  max: 5.413433509531451e+17
  mean: 1847588228509030.2
  median: 0.5839779471607187
  min: 0.008595271867273269
  num_samples: 293
  rmse: 3.162561624384041e+16
  std: 3.1571601488371428e+16
trans:
  max: 2.1877177155191876
  mean: 1.4508737290006066
  median: 1.544229745537721
  min: 0.27420323052830586
  num_samples: 293
  rmse: 1.5302855518469904
  std: 0.4865586220462253
